# NBM 5.0 KLAS bulletin extract
# Cycle: 20261003 07Z
# Retrieved: 2026-10-03T13:02:22Z
# Products: NBH, NBS, NBE, NBX, NBP
# Generated by collect_nbm.py

### PRODUCT:NBH ###
                                                                          
 KLAS   NBM V5.0 NBH GUIDANCE    10/03/2026  0700 UTC
 UTC  08 09 10 11 12 13 14 15 16 17 18 19 20 21 22 23 00 01 02 03 04 05 06 07 08 
 TMP  80 80 78 77 76 75 74 78 81 84 87 89 91 92 93 94 94 92 89 87 85 84 83 81 80
 TSD   2  2  2  2  2  2  2  2  2  2  2  2  1  1  1  1  1  1  2  2  2  2  2  2  2
 DPT  44 44 44 44 45 45 45 46 47 48 48 49 48 48 46 45 44 45 45 45 43 42 42 41 41
 DSD   2  2  2  2  2  2  2  2  3  3  3  3  3  3  3  3  3  3  3  3  3  3  3  4  4
 WBG  66 66 65 65 64 63 64 66 69 72 75 77 79 78 76 76 76 74 72 70 69 68 66 66 65
 SKY  10 13  5  1  3  5  5  4  3  5  4  2  3  2  3  4  9  9 10 10 12  9 14  7  9
 SSD  11 17  4  1  3  4  4  3  2  7  5  3  3  2  4 13 23 24 31 24 25 25 24 20 19
 WDR  23 24 30 31 31 31 32 32 36  3  7  7  7  7  7  7  7  6 28 28 28 27 25 24 29
 WSP   0  0  0  0  0  0  0  2  3  4  4  4  4  5  4  4  3  0  0  0  3  3  3  0  0
 WSD   2  2  2  2  2  2  3  3  3  2  1  1  1  1  2  2  2  2  3  3  3  2  2  2  2
 GST   2  1  1  1  1  1  2  4  6  8  9  9 10 11 11 10  9  6  3  4  5  4  4  3  2
 GSD   3  3  2  2  2  3  3  4  3  3  2  2  2  2  2  2  2  2  3  4  3  3  2  2  2
 P01   0  0  0  0  0  0  0  0  0  0  0  0  0  0  0  0  0  0  0  0  0  0  0  0  0
 P06                                 0                 0                 0      
 Q01   0  0  0  0  0  0  0  0  0  0  0  0  0  0  0  0  0  0  0  0  0  0  0  0  0
 T01   0  0  0  0  0  0  0  0  0  0  0  0  0  0  0  0  0  0  0  0  0  0  0  0  0
 PZR   0  0  0  0  0  0  0  0  0  0  0  0  0  0  0  0  0  0  0  0  0  0  0  0  0
 PSN   0  0  0  0  0  0  0  0  0  0  0  0  0  0  0  0  0  0  0  0  0  0  0  0  0
 PPL   0  0  0  0  0  0  0  0  0  0  0  0  0  0  0  0  0  0  0  0  0  0  0  0  0
 PRA   0  0  0  0  0  0  0  0  0  0  0  0  0  0  0  0  0  0  0  0  0  0  0  0  0
 S01   0  0  0  0  0  0  0  0  0  0  0  0  0  0  0  0  0  0  0  0  0  0  0  0  0
 SLV 123123123123123121121120119119118117116115115116117117118120121121121120120
 I01   0  0  0  0  0  0  0  0  0  0  0  0  0  0  0  0  0  0  0  0  0  0  0  0  0
 CIG -88-88-88-88-88-88-88-88-88-88-88-88-88-88-88-88-88-88-88-88-88-88-88-88-88
 MVC   0  0  0  0  0  0  0  0  0  0  0  0  0  0  0  0  0  0  0  0  0  0  0  0  0
 IFC   0  0  0  0  0  0  0  0  0  0  0  0  0  0  0  0  0  0  0  0  0  0  0  0  0
 LIC   0  0  0  0  0  0  0  0  0  0  0  0  0  0  0  0  0  0  0  0  0  0  0  0  0
 LCB 230240230230210210210210220250230230230230230230230230230230230240230240240
 VIS 100100100100100100100100100100100100100100100100100100100100100100100100100
 MVV   0  0  0  0  0  0  0  0  0  0  0  0  0  0  0  0  0  0  0  0  0  0  0  0  0
 IFV   0  0  0  0  0  0  0  0  0  0  0  0  0  0  0  0  0  0  0  0  0  0  0  0  0
 LIV   0  0  0  0  0  0  0  0  0  0  0  0  0  0  0  0  0  0  0  0  0  0  0  0  0
 MHT   5  5  5  5  5  5  4  5 11 18 28 39 53 62 62 57 50 18  6  4  5  5  5  5  5
 TWD  25 21 14 34 35  1 34 36  1  6  8  8  8  8  8  7  7  5 32 29 30 30 29 29 30
 TWS   4  4  4  3  3  3  3  4  4  5  5  5  6  6  6  6  5  3  4  5  6  6  5  4  4
 SOL   0  0  0  0  0  0  1 19 37 53 65 79 79 74 63 48 30  4  1  1  0  0  0  0  0

### PRODUCT:NBS ###
                                                                          
 KLAS    NBM V5.0 NBS GUIDANCE    10/03/2026  0700 UTC
 DT /OCT   3      /OCT   4                /OCT   5                /OCT   6
 UTC  12 15 18 21 00 03 06 09 12 15 18 21 00 03 06 09 12 15 18 21 00 03 06 
 FHR  05 08 11 14 17 20 23 26 29 32 35 38 41 44 47 50 53 56 59 62 65 68 71 
 TXN              96          75          96          75          94      
 XND               1           2           2           3           2      
 TMP  76 78 87 92 94 87 83 80 77 79 88 93 95 87 82 79 76 78 86 91 92 86 82
 TSD   2  2  2  1  1  2  2  2  2  2  2  2  1  2  2  2  2  2  2  2  2  2  1
 DPT  45 46 48 48 44 45 42 41 43 44 47 46 41 42 42 43 46 47 47 47 45 46 45
 DSD   2  2  3  3  3  3  3  4  4  4  5  4  3  3  3  3  3  3  4  4  3  3  4
 WBG  64 66 75 78 76 70 66 66 64 67 75 78 76 70 67 65 64 67 74 77 75 70 68
 SKY   3  4  4  2  9 10 14  5  9 10 11  4  8  9 11  4  2  4  3  2  4  5  6
 SSD   3  3  5  2 23 24 24  7 26 26 27  3  6  7  8  4  3  4  4  2  6  6  7
 WDR  31 32  7  7  7 28 25 33 28 33  7  7  6 26 22 23 26 35  8  9  9 24 25
 WSP   0  2  4  5  3  0  3  0  0  4  5  5  3  4  4  3  0  0  2  3  3  0  3
 WSD   2  3  1  1  2  3  2  2  2  2  1  1  3  4  2  2  2  3  2  2  2  4  3
 GST   1  4  9 11  9  4  4  2  2  5 10 14 10  6  5  4  2  3  6 10  9  2  4
 GSD   2  4  2  2  2  4  2  2  2  3  2  2  3  5  3  2  2  4  2  2  2  5  3
 P06         0     0     0     0     0     0     0     0     0     0     0
 P12               0           0           0           0           0      
 Q06         0     0     0     0     0     0     0     0     0     0     0
 Q12               0           0           0           0           0      
 DUR               0           0           0           0           0      
 T03   1  0  0  1  1  1  0  0  0  1  0  1  1  1  1  0  1  1  1  1  1  1  1
 T06         1     1     1     0     1     1     1     1     1     2     2
 T12               1           1           1           1           2      
 PZR   0  0  0  0  0  0  0  0  0  0  0  0  0  0  0  0  0  0  0  0  0  0  0
 PSN   0  0  0  0  0  0  0  0  0  0  0  0  0  0  0  0  0  0  0  0  0  0  0
 PPL   0  0  0  0  0  0  0  0  0  0  0  0  0  0  0  0  0  0  0  0  0  0  0
 PRA   0  0  0  0  0  0  0  0  0  0  0  0  0  0  0  0  0  0  0  0  0  0  0
 S06         0     0     0     0     0     0     0     0     0     0     0
 SLV 120120120120120120120120120120120120120120120120120120120120120120120
 I06         0     0     0     0     0     0     0     0     0     0     0
 CIG -88-88-88-88-88-88-88-88-88-88-88-88-88-88-88-88-88-88-88-88-88-88-88
 IFC   0  0  0  0  0  0  0  0  0  0  0  0  0  0  0  0  0  0  0  0  0  0  0
 LCB 210210230230230230230240240250240150180 90230-88 80 70 70-88-88-88-88
 VIS 100100100100100100100100100100100100100100100100100100100100100100100
 IFV   0  0  0  0  0  0  0  0  0  0  0  0  0  0  0  0  0  0  0  0  0  0  0
 MHT   5  5 28 62 50  4  5  5  5  5 31 66 60  5  5  4  5  8 39 83 69  4  4
 TWD  35 36  8  8  7 29 29 34  2 36  9 10  9 29 20 22 22 18 10 11 11 28 23
 TWS   3  4  5  6  5  5  5  4  3  4  7  8  7  6  6  5  3  5  7  6  5  6  6
 SOL   0 19 65 74 30  1  0  0  0 16 60 74 32  1  0  0  0  4 27 77 63  4  2

### PRODUCT:NBE ###
                                                                          
 KLAS    NBM V5.0 NBE GUIDANCE    10/03/2026  0700 UTC
        SUN 04| MON 05| TUE 06| WED 07| THU 08| FRI 09| SAT 10| SUN CLIMO 
 UTC    00  12| 00  12| 00  12| 00  12| 00  12| 00  12| 00  12| 00       
 FHR    17  29| 41  53| 65  77| 89 101|113 125|137 149|161 173|185       
 TXN    96  75| 96  75| 94  75| 95  76| 98  77| 97  76| 96  75| 93  59 86
 XND     1   2|  2   3|  2   2|  2   2|  2   3|  2   3|  2   4|  3
 TMP    94  77| 95  76| 92  77| 94  78| 96  78| 95  77| 94  76| 90
 TSD     1   2|  1   2|  2   2|  2   2|  1   2|  1   3|  2   3|  4
 DPT    44  43| 41  46| 45  46| 41  41| 36  36| 35  38| 37  42| 38
 DSD     3   4|  3   3|  3   4|  4   4|  4   4|  4   5|  5   5|  6
 WBG    76  64| 76  64| 75  64| 75  64| 75  63| 75  62| 74  63| 71
 SKY     9   9|  8   2|  4   2|  3   1|  1   0|  4   4| 19   9| 24
 SSD    23  26|  6   3|  6   3|  4   2|  2   1|  6   7| 27   9| 24
 WDR     7  28|  6  26|  9  28|  8  30|  7  30|  9  24| 19  21| 21
 WSP     3   0|  3   0|  3   0|  3   0|  4   0|  3   0| 11   6| 13
 WSD     2   2|  3   2|  2   3|  2   3|  3   3|  3   2|  4   4|  5
 GST     9   2| 10   2|  9   2| 10   2| 10   3| 10   2| 20   8| 24
 GSD     2   2|  3   2|  2   3|  2   4|  3   3|  3   3|  6   7|  7
 P12     0   0|  0   0|  0   0|  0   0|  0   0|  0   0|  0   0|  1   0  0
 Q12     0   0|  0   0|  0   0|  0   0|  0   0|  0   0|  0   0|  0
 Q24         0|      0|      0|      0|      0|      0|      0|      7
 DUR     0   0|  0   0|  0   0|  0   0|  0   0|  0   0|  0   0|  0
 T12     1   1|  1   1|  2   2|  2   2|  2   2|  2   2|  3   4|  5
 PZR     0   0|  0   0|  0   0|  0   0|  0   0|  0   0|  0   0|  0
 PSN     0   0|  0   0|  0   0|  0   0|  0   0|  0   0|  0   0|  0
 PPL     0   0|  0   0|  0   0|  0   0|  0   0|  0   0|  0   0|  0
 PRA     0   0|  0   0|  0   0|  0   0|  0   0|  0   0|  0   0|  0
 S12     0   0|  0   0|  0   0|  0   0|  0   0|  0   0|  0   0|  0
 S24         0|      0|      0|      0|      0|      0|      0|   
 SLV   117 120|118 122|116 121|122 121|120 120|119 119|121 117|117
 I12     0   0|  0   0|  0   0|  0   0|  0   0|  0   0|  0   0|  0
 SOL    46   0| 61   0| 43   1| 42   1| 42   1| 42   1| 37   0| 39

### PRODUCT:NBX ###
                                                                          
 KLAS    NBM V5.0 NBX GUIDANCE    10/03/2026  0700 UTC
 SUN 11 |MON 12 |TUE 13 |WED 14                                           
 UTC 12 |00  12 |00  12 |00                                               
 FHR 197|209 221|233 245|257                                              
 TXN  72| 89  70| 88  69| 87
 XND   4|  5   5|  7   6|  7
 TMP  73| 87  71| 86  69| 86
 TSD   4|  5   5|  7   6|  7
 DPT  42| 38  41| 37  39| 37
 DSD   7|  8  10| 10  11| 11
 WBG  61| 70  60| 69  58| 69
 SKY  13| 13   7|  9   6|  8
 SSD  30| 15   8|  7   5|  4
 WDR  21| 21  28| 14  28|  3
 WSP   7| 10   5|  5   3|  5
 WSD   4|  6   5|  5   4|  4
 GST   9| 19   6| 11   3| 12
 GSD   8|  7   9|  6   6|  5
 P12   3|  4   5|  7   8|  4
 Q12   0|  0   0|  0   0|  0
 Q24   0|      0|      0|   
 DUR   0|  0   0|  0   0|  0
 PZR   0|  0   0|  0   0|  0
 PSN   0|  0   0|  0   0|  0
 PPL   0|  0   0|  0   0|  0
 PRA   3|  5   5|  6   4|  3
 S12   0|  0   0|  0   0|  0
 S24   0|      0|      0|   
 SLV 114|114 111|113 109|113
 I12   0|  0   0|  0   0|  0
 SOL  26| 23  14| 27  14| 28

### PRODUCT:NBP ###
                                                                          
 KLAS    NBM V5.0 NBP GUIDANCE    10/03/2026  0700 UTC
        SUN 04| MON 05| TUE 06| WED 07| THU 08| FRI 09| SAT 10| SUN 11| MON 12
 UTC    00  12| 00  12| 00  12| 00  12| 00  12| 00  12| 00  12| 00  12| 00  12
 FHR    17  29| 41  53| 65  77| 89 101|113 125|137 149|161 173|185 197|209 221
 TXNMN  96  76| 96  75| 94  75| 95  76| 98  77| 97  76| 96  75| 93  72| 89  72
 TXNSD   1   3|  2   3|  2   2|  2   2|  1   3|  2   3|  3   4|  3   4|  5   4
 TXNP1  94  72| 94  72| 91  71| 93  72| 95  72| 95  71| 93  69| 89  66| 82  66
 TXNP2  95  74| 96  73| 93  74| 94  75| 97  75| 97  74| 95  74| 91  70| 86  70
 TXNP5  96  77| 97  76| 95  76| 96  77| 98  78| 98  77| 97  76| 93  73| 90  73
 TXNP7  96  77| 98  77| 96  77| 97  77| 99  79| 98  78| 98  78| 95  75| 93  75
 TXNP9  97  78| 98  78| 96  77| 98  78| 99  79| 99  79| 99  79| 97  77| 95  77
 WSPP1   0   0|  0   0|  0   0|  0   0|  0   0|  0   0|  3   0|  4   0|  2   0
 WSPP2   0   0|  0   0|  0   0|  3   0|  3   0|  0   0|  6   3|  7   4|  4   0
 WSPP5   4   0|  4   0|  3   0|  4   0|  5   3|  4   0| 10   6| 12   6|  8   5
 WSPP7   4   3|  6   3|  4   3|  5   6|  6   6|  5   4| 13   9| 14   9| 12   8
 WSPP9   5   4|  7   4|  5   6|  6   8|  7   7|  6   6| 15  12| 17  12| 15  14
 W24P1   7    |  8    |  7    |  7    |  7    |  8    |  9    | 10    |  9    
 W24P2   7    |  8    |  7    |  7    |  8    |  9    | 11    | 13    | 11    
 W24P5   8    | 10    |  8    |  8    |  9    | 10    | 14    | 17    | 13    
 W24P7  10    | 11    | 10    | 10    | 10    | 11    | 18    | 20    | 18    
 W24P9  11    | 13    | 12    | 11    | 12    | 12    | 21    | 23    | 22    
 G24P1  11    | 13    | 12    | 11    | 13    | 13    | 16    | 17    | 16    
 G24P2  12    | 15    | 12    | 12    | 14    | 14    | 18    | 22    | 18    
 G24P5  14    | 17    | 14    | 14    | 16    | 17    | 24    | 28    | 23    
 G24P7  17    | 20    | 17    | 16    | 18    | 18    | 30    | 33    | 29    
 G24P9  18    | 23    | 20    | 19    | 20    | 21    | 33    | 38    | 36    
 Q24P1       0|      0|      0|      0|      0|      0|      0|      0|      0
 Q24P2       0|      0|      0|      0|      0|      0|      0|      0|      0
 Q24P5       0|      0|      0|      0|      0|      0|      0|      0|      0
 Q24P7       0|      0|      0|      0|      0|      0|      0|      0|      0
 Q24P9       0|      0|      0|      0|      0|      0|      0|      0|      0
 S24P1       0|      0|      0|      0|      0|      0|      0|      0|      0
 S24P2       0|      0|      0|      0|      0|      0|      0|      0|      0
 S24P5       0|      0|      0|      0|      0|      0|      0|      0|      0
 S24P7       0|      0|      0|      0|      0|      0|      0|      0|      0
 S24P9       0|      0|      0|      0|      0|      0|      0|      0|      0
 I24P1       0|      0|      0|      0|      0|      0|      0|      0|      0
 I24P2       0|      0|      0|      0|      0|      0|      0|      0|      0
 I24P5       0|      0|      0|      0|      0|      0|      0|      0|      0
 I24P7       0|      0|      0|      0|      0|      0|      0|      0|      0
 I24P9       0|      0|      0|      0|      0|      0|      0|      0|      0
 SLPP1 008 012|010 013|010 011|007 009|006 008|005 007|001 003|999 003|001 006
 SLPP2 009 012|011 014|010 012|008 010|007 009|006 008|005 005|002 004|003 008
 SLPP5 010 013|011 015|011 013|009 011|008 011|008 010|006 008|005 007|005 010
 SLPP7 010 014|012 015|012 013|009 011|009 011|009 011|008 011|007 010|008 012
 SLPP9 011 014|013 016|012 014|010 012|009 012|010 014|011 012|009 011|009 013
